1.000000000000000000e+00
1.000000000000000000e+00
1.000000000000000000e+00
1.000000000000000000e+00
1.000000000000000000e+00
1.000000000000000000e+00
1.000000000000000000e+00
1.000000000000000000e+00
1.000000000000000000e+00
1.000000000000000000e+00
1.000000000000000000e+00
1.000000000000000000e+00
1.000000000000000000e+00
1.000000000000000000e+00
1.000000000000000000e+00
1.000000000000000000e+00
9.998420946416499699e-01
9.993684783030090113e-01
9.985794501303070225e-01
9.974755084906500313e-01
9.960573506572389935e-01
9.943258723689569756e-01
9.922821672646030544e-01
9.899275261921229863e-01
9.872634363932889512e-01
9.842915805643159821e-01
9.810138357930430208e-01
9.774322723733219753e-01
9.735491524973719502e-01
9.693669288269369799e-01
9.648882429441260067e-01
9.601159236829349686e-01
9.550529853424980509e-01
9.497026257831859830e-01
9.440682244067719608e-01
9.381533400219319585e-01
9.319617085964180259e-01
9.254972408973459741e-01
9.187640200210710484e-01
9.117662988142140046e-01
9.045084971874739477e-01
8.969951993239180243e-01
8.892311507835120032e-01
8.812212555057240548e-01
8.729705727120909975e-01
8.644843137107059983e-01
8.557678386046430052e-01
8.468266529064020220e-01
8.376664040605119599e-01
8.282928778764779842e-01
8.187119948743449838e-01
8.089298065451669961e-01
7.989524915287590234e-01
7.887863517111339817e-01
7.784378082440940316e-01
7.679133974894980508e-01
7.572197668907529877e-01
7.463636707741460041e-01
7.353519660826659532e-01
7.241916080450160331e-01
7.128896457825359967e-01
7.014532178568310128e-01
6.898895477609009452e-01
6.782059393566249872e-01
6.664097722614930053e-01
6.545084971874739477e-01
6.425096312349880545e-01
6.304207531449480539e-01
6.182494985118619502e-01
6.060035549610269801e-01
5.936906572928619674e-01
5.813185825974419574e-01
5.688951453423189975e-01
5.564281924367410204e-01
5.439255982753720131e-01
5.313952597646569576e-01
5.188450913349670346e-01
5.062830199416760157e-01
4.937169800583239843e-01
4.811549086650330209e-01
4.686047402353429869e-01
4.560744017246279869e-01
4.435718075632589796e-01
4.311048546576810025e-01
4.186814174025579871e-01
4.063093427071379771e-01
3.939964450389730199e-01
3.817505014881379943e-01
3.695792468550520016e-01
3.574903687650120010e-01
3.454915028125259968e-01
3.335902277385069947e-01
3.217940606433750128e-01
3.101104522390989993e-01
2.985467821431689872e-01
2.871103542174640033e-01
2.758083919549840224e-01
2.646480339173339913e-01
2.536363292258539959e-01
2.427802331092470123e-01
2.320866025105020047e-01
2.215621917559059961e-01
2.112136482888659905e-01
2.010475084712410043e-01
1.910701934548330039e-01
1.812880051256549885e-01
1.717071221235219880e-01
1.623335959394880124e-01
1.531733470935970065e-01
1.442321613953569948e-01
1.355156862892940017e-01
1.270294272879090025e-01
1.187787444942760007e-01
1.107688492164879968e-01
1.030048006760820034e-01
9.549150281252599681e-02
8.823370118578599541e-02
8.123597997892899325e-02
7.450275910265399815e-02
6.803829140358200189e-02
6.184665997806799986e-02
5.593177559322799752e-02
5.029737421681400311e-02
4.494701465750199770e-02
3.988407631706499673e-02
3.511175705587400026e-02
3.063307117306299926e-02
2.645084750262800127e-02
2.256772762667899959e-02
1.898616420695699997e-02
1.570841943568400054e-02
1.273656360671100024e-02
1.007247380787699986e-02
7.717832735397000231e-03
5.674127631043000136e-03
3.942649342760999598e-03
2.524491509349999913e-03
1.420549869693000025e-03
6.315216969909999770e-04
1.579053583499999967e-04
0.000000000000000000e+00
1.579053583499999967e-04
6.315216969909999770e-04
1.420549869693000025e-03
2.524491509349999913e-03
3.942649342760999598e-03
5.674127631043000136e-03
7.717832735397000231e-03
1.007247380787699986e-02
1.273656360671100024e-02
1.570841943568400054e-02
1.898616420695699997e-02
2.256772762667899959e-02
2.645084750262800127e-02
3.063307117306299926e-02
3.511175705587400026e-02
3.988407631706499673e-02
4.494701465750199770e-02
5.029737421681500231e-02
5.593177559322799752e-02
6.184665997806799986e-02
6.803829140358200189e-02
7.450275910265399815e-02
8.123597997892899325e-02
8.823370118578599541e-02
9.549150281252599681e-02
1.030048006760820034e-01
1.107688492164879968e-01
1.187787444942760007e-01
1.270294272879090025e-01
1.355156862892940017e-01
1.442321613953569948e-01
1.531733470935980057e-01
1.623335959394880124e-01
1.717071221235219880e-01
1.812880051256549885e-01
1.910701934548330039e-01
2.010475084712400051e-01
2.112136482888659905e-01
2.215621917559059961e-01
2.320866025105020047e-01
2.427802331092470123e-01
2.536363292258539959e-01
2.646480339173339913e-01
2.758083919549840224e-01
2.871103542174640033e-01
2.985467821431689872e-01
3.101104522390989993e-01
3.217940606433750128e-01
3.335902277385069947e-01
3.454915028125259968e-01
3.574903687650120010e-01
3.695792468550520016e-01
3.817505014881379943e-01
3.939964450389730199e-01
4.063093427071379771e-01
4.186814174025579871e-01
4.311048546576810025e-01
4.435718075632589796e-01
4.560744017246279869e-01
4.686047402353429869e-01
4.811549086650330209e-01
4.937169800583239843e-01
5.062830199416760157e-01
5.188450913349670346e-01
5.313952597646569576e-01
5.439255982753710139e-01
5.564281924367410204e-01
5.688951453423189975e-01
5.813185825974419574e-01
5.936906572928629666e-01
6.060035549610269801e-01
6.182494985118619502e-01
6.304207531449490531e-01
6.425096312349880545e-01
6.545084971874739477e-01
6.664097722614930053e-01
6.782059393566249872e-01
6.898895477609009452e-01
7.014532178568310128e-01
7.128896457825359967e-01
7.241916080450160331e-01
7.353519660826659532e-01
7.463636707741460041e-01
7.572197668907529877e-01
7.679133974894980508e-01
7.784378082440940316e-01
7.887863517111339817e-01
7.989524915287590234e-01
8.089298065451669961e-01
8.187119948743449838e-01
8.282928778764779842e-01
8.376664040605119599e-01
8.468266529064030212e-01
8.557678386046430052e-01
8.644843137107059983e-01
8.729705727120909975e-01
8.812212555057240548e-01
8.892311507835120032e-01
8.969951993239180243e-01
9.045084971874739477e-01
9.117662988142140046e-01
9.187640200210710484e-01
9.254972408973459741e-01
9.319617085964180259e-01
9.381533400219319585e-01
9.440682244067719608e-01
9.497026257831859830e-01
9.550529853424980509e-01
9.601159236829349686e-01
9.648882429441260067e-01
9.693669288269369799e-01
9.735491524973719502e-01
9.774322723733219753e-01
9.810138357930430208e-01
9.842915805643159821e-01
9.872634363932889512e-01
9.899275261921229863e-01
9.922821672646030544e-01
9.943258723689569756e-01
9.960573506572389935e-01
9.974755084906500313e-01
9.985794501303070225e-01
9.993684783030090113e-01
9.998420946416499699e-01
1.000000000000000000e+00
1.000000000000000000e+00
1.000000000000000000e+00
1.000000000000000000e+00
1.000000000000000000e+00
1.000000000000000000e+00
1.000000000000000000e+00
1.000000000000000000e+00
1.000000000000000000e+00
1.000000000000000000e+00
1.000000000000000000e+00
1.000000000000000000e+00
1.000000000000000000e+00
1.000000000000000000e+00
1.000000000000000000e+00
1.000000000000000000e+00
